Processing /home/cameron/Datasets/ICSD/test_files/icsd_000373.cif
icsd_000373.cif
XYZ Expansion factor is: [3, 3, 3]
Homology dimension 0 has unique points: [0.00000000e+00 8.35210000e-08 8.35210000e-08 8.35210000e-08
 8.35210000e-08 8.35210000e-08 8.35210000e-08 8.35210000e-08
 8.35210000e-08 8.35210000e-08 8.35210000e-08 8.35210000e-08
 8.35210000e-08 8.35210000e-08 8.35210000e-08 8.35210000e-08
 8.35210000e-08 8.35210000e-08 3.70658061e-02 9.94167559e-01
 9.94167559e-01 9.94167559e-01 9.94167559e-01 9.94167559e-01
 9.94167559e-01 9.94167559e-01 9.94167559e-01 9.94167559e-01
 9.94167559e-01 9.94167559e-01 9.94167559e-01 9.94167559e-01
 9.94167559e-01 9.94167559e-01 9.94167559e-01 9.94167559e-01
 9.94167559e-01 9.94167559e-01 9.94167559e-01 9.94167559e-01
 9.94167559e-01 9.94167559e-01 9.94167559e-01 9.94167559e-01
 9.94167559e-01 9.94167559e-01 9.94167559e-01 9.94167559e-01
 9.94167559e-01 9.94167559e-01 9.94167559e-01 9.94167559e-01
 9.94167559e-01 9.94167559e-01 9.94167559e-01 9.94167559e-01
 9.94167559e-01 1.02250061e+00 1.02250061e+00 1.02250061e+00
 1.02250061e+00 1.02250061e+00 1.02250061e+00 1.02250061e+00
 1.02250061e+00 1.02250061e+00 1.02250061e+00 1.02250061e+00
 1.02250061e+00 1.02250061e+00 1.02250061e+00 1.02250061e+00
 1.02250061e+00 1.02250061e+00 1.02250061e+00 1.02250061e+00
 1.02250061e+00 1.02250061e+00 1.12883208e+00 1.12883208e+00
 1.12883208e+00 1.12883208e+00 1.12883208e+00 1.12883208e+00
 1.12883208e+00 1.12883208e+00 1.12883208e+00 1.12883208e+00
 1.12883208e+00 1.12883208e+00 1.12883208e+00 1.12883208e+00
 1.12883208e+00 1.12883208e+00 1.12883208e+00 1.12883208e+00
 1.12883208e+00 1.12883208e+00 1.12883208e+00 2.00401950e+00
 2.00401950e+00 2.00401950e+00 2.00401950e+00 2.00401950e+00
 2.00401950e+00 2.00401950e+00 2.00401950e+00 2.00401950e+00
 2.00401950e+00 2.08802500e+00 2.08802500e+00 2.08802500e+00
 2.08802500e+00 2.08802500e+00 2.08802500e+00 2.08802500e+00
 2.08802500e+00 2.08802500e+00 2.08802500e+00 2.09113649e+00
 2.09113649e+00 2.09113649e+00 2.09113649e+00 2.09113649e+00
            inf]
Homology dimension 1 has unique points: [8.35210000e-08 8.35210000e-08 8.35210000e-08 ... 2.95609617e+01
 2.95609617e+01            inf]
icsd_000373.cif failed to write to file in CifToPers.py because of [Errno 2] No such file or directory: './test_files/icsd_000373.pers'
